1.00 1.0
1.10 1.0
1.20 1.0
1.30 1.0
1.40 1.0
1.50 1.0
1.60 1.0
1.70 1.0
1.80 1.0
1.90 1.0
2.00 1.0
2.10 1.0
2.20 1.0
2.30 1.0
2.40 1.0
2.50 1.0
2.60 1.0
2.70 1.0
2.80 1.0
2.90 1.0
3.00 1.0
3.10 1.0
3.20 1.0
3.30 1.0
3.40 1.0
3.50 1.0
3.60 1.0
3.70 1.0
3.80 0.99
3.90 0.93
4.00 0.87
4.10 0.74
4.20 0.53
4.30 0.5
4.40 0.33
4.50 0.11
4.60 0.08
4.70 0.07
4.80 0.01
4.90 0.02
5.00 0.01
5.10 0.01
5.20 0.0
5.30 0.0
5.40 0.0
5.50 0.0
5.60 0.0
5.70 0.0
5.80 0.0
5.90 0.0
6.00 0.0
6.10 0.0
6.20 0.0
6.30 0.0
6.40 0.0
6.50 0.0
6.60 0.0
6.70 0.0
6.80 0.0
6.90 0.0
7.00 0.0
7.10 0.0
7.20 0.0
7.30 0.0
7.40 0.0
7.50 0.0
7.60 0.0
7.70 0.0
7.80 0.0
7.90 0.0
8.00 0.0
8.10 0.0
8.20 0.0
8.30 0.0
8.40 0.0
8.50 0.0
8.60 0.0
8.70 0.0
8.80 0.0
8.90 0.0
9.00 0.0
9.10 0.0
9.20 0.0
9.30 0.0
9.40 0.0
9.50 0.0
9.60 0.0
9.70 0.0
9.80 0.0
9.90 0.0
10.00 0.0
