5.00 1.0
5.10 1.0
5.20 1.0
5.30 1.0
5.40 1.0
5.50 1.0
5.60 0.99
5.70 1.0
5.80 1.0
5.90 1.0
6.00 1.0
6.10 0.99
6.20 0.99
6.30 0.99
6.40 0.98
6.50 1.0
6.60 0.96
6.70 0.99
6.80 0.99
6.90 0.98
7.00 0.99
7.10 0.94
7.20 0.95
7.30 0.98
7.40 0.96
7.50 0.94
7.60 0.96
7.70 0.91
7.80 0.89
7.90 0.95
8.00 0.84
8.10 0.88
8.20 0.9
8.30 0.86
8.40 0.85
8.50 0.79
8.60 0.84
8.70 0.78
8.80 0.84
8.90 0.76
9.00 0.7
9.10 0.75
9.20 0.67
9.30 0.66
9.40 0.65
9.50 0.57
9.60 0.62
9.70 0.52
9.80 0.6
9.90 0.63
10.00 0.53
10.10 0.55
10.20 0.48
10.30 0.36
10.40 0.51
10.50 0.42
10.60 0.48
10.70 0.44
10.80 0.42
10.90 0.46
11.00 0.39
11.10 0.44
11.20 0.41
11.30 0.34
11.40 0.34
11.50 0.3
11.60 0.31
11.70 0.34
11.80 0.3
11.90 0.26
12.00 0.29
12.10 0.23
12.20 0.25
12.30 0.2
12.40 0.17
12.50 0.21
12.60 0.18
12.70 0.18
12.80 0.19
12.90 0.22
13.00 0.18
13.10 0.13
13.20 0.19
13.30 0.1
13.40 0.13
13.50 0.11
13.60 0.14
13.70 0.14
13.80 0.11
13.90 0.02
14.00 0.09
14.10 0.14
14.20 0.09
14.30 0.06
14.40 0.08
14.50 0.09
14.60 0.12
14.70 0.07
14.80 0.02
14.90 0.04
15.00 0.03
