1.00 1.0
1.10 1.0
1.20 0.99
1.30 1.0
1.40 1.0
1.50 1.0
1.60 1.0
1.70 1.0
1.80 1.0
1.90 1.0
2.00 1.0
2.10 1.0
2.20 0.99
2.30 0.99
2.40 1.0
2.50 1.0
2.60 0.97
2.70 0.96
2.80 0.96
2.90 1.0
3.00 0.95
3.10 0.94
3.20 0.95
3.30 0.95
3.40 0.93
3.50 0.91
3.60 0.87
3.70 0.86
3.80 0.79
3.90 0.8
4.00 0.7
4.10 0.76
4.20 0.71
4.30 0.63
4.40 0.63
4.50 0.6
4.60 0.58
4.70 0.55
4.80 0.47
4.90 0.52
5.00 0.42
5.10 0.47
5.20 0.34
5.30 0.33
5.40 0.22
5.50 0.31
5.60 0.26
5.70 0.25
5.80 0.15
5.90 0.23
6.00 0.2
6.10 0.14
6.20 0.13
6.30 0.1
6.40 0.05
6.50 0.1
6.60 0.08
6.70 0.03
6.80 0.07
6.90 0.09
7.00 0.06
7.10 0.09
7.20 0.02
7.30 0.02
7.40 0.03
7.50 0.05
7.60 0.01
7.70 0.02
7.80 0.05
7.90 0.03
8.00 0.03
8.10 0.0
8.20 0.04
8.30 0.0
8.40 0.03
8.50 0.0
8.60 0.0
8.70 0.0
8.80 0.01
8.90 0.01
9.00 0.01
9.10 0.01
9.20 0.0
9.30 0.0
9.40 0.0
9.50 0.0
9.60 0.0
9.70 0.0
9.80 0.0
9.90 0.0
10.00 0.0
