5.00 1.0
5.10 1.0
5.20 1.0
5.30 1.0
5.40 1.0
5.50 1.0
5.60 1.0
5.70 1.0
5.80 1.0
5.90 1.0
6.00 1.0
6.10 1.0
6.20 1.0
6.30 1.0
6.40 1.0
6.50 1.0
6.60 1.0
6.70 1.0
6.80 1.0
6.90 1.0
7.00 1.0
7.10 1.0
7.20 1.0
7.30 1.0
7.40 1.0
7.50 1.0
7.60 0.97
7.70 1.0
7.80 0.98
7.90 0.99
8.00 0.99
8.10 0.99
8.20 0.97
8.30 0.98
8.40 0.98
8.50 0.93
8.60 0.89
8.70 0.87
8.80 0.89
8.90 0.85
9.00 0.86
9.10 0.83
9.20 0.81
9.30 0.81
9.40 0.7
9.50 0.65
9.60 0.72
9.70 0.64
9.80 0.55
9.90 0.48
10.00 0.45
10.10 0.37
10.20 0.44
10.30 0.31
10.40 0.32
10.50 0.25
10.60 0.33
10.70 0.23
10.80 0.22
10.90 0.23
11.00 0.17
11.10 0.12
11.20 0.2
11.30 0.1
11.40 0.13
11.50 0.11
11.60 0.09
11.70 0.02
11.80 0.1
11.90 0.08
12.00 0.04
12.10 0.02
12.20 0.07
12.30 0.06
12.40 0.04
12.50 0.01
12.60 0.04
12.70 0.05
12.80 0.01
12.90 0.02
13.00 0.0
13.10 0.01
13.20 0.0
13.30 0.0
13.40 0.01
13.50 0.01
13.60 0.0
13.70 0.0
13.80 0.02
13.90 0.0
14.00 0.0
14.10 0.0
14.20 0.01
14.30 0.0
14.40 0.0
14.50 0.0
14.60 0.01
14.70 0.0
14.80 0.0
14.90 0.0
15.00 0.0
