5.00 1.0
5.10 1.0
5.20 1.0
5.30 1.0
5.40 1.0
5.50 1.0
5.60 1.0
5.70 1.0
5.80 1.0
5.90 1.0
6.00 1.0
6.10 1.0
6.20 1.0
6.30 1.0
6.40 1.0
6.50 1.0
6.60 1.0
6.70 1.0
6.80 1.0
6.90 1.0
7.00 1.0
7.10 1.0
7.20 1.0
7.30 1.0
7.40 1.0
7.50 1.0
7.60 1.0
7.70 1.0
7.80 1.0
7.90 1.0
8.00 1.0
8.10 1.0
8.20 1.0
8.30 0.99
8.40 1.0
8.50 1.0
8.60 0.99
8.70 0.99
8.80 0.99
8.90 0.95
9.00 0.94
9.10 0.89
9.20 0.9
9.30 0.83
9.40 0.87
9.50 0.82
9.60 0.68
9.70 0.63
9.80 0.56
9.90 0.43
10.00 0.36
10.10 0.38
10.20 0.36
10.30 0.22
10.40 0.23
10.50 0.14
10.60 0.09
10.70 0.11
10.80 0.08
10.90 0.07
11.00 0.07
11.10 0.03
11.20 0.04
11.30 0.05
11.40 0.03
11.50 0.01
11.60 0.0
11.70 0.01
11.80 0.01
11.90 0.01
12.00 0.02
12.10 0.01
12.20 0.0
12.30 0.0
12.40 0.0
12.50 0.0
12.60 0.0
12.70 0.0
12.80 0.0
12.90 0.0
13.00 0.0
13.10 0.0
13.20 0.0
13.30 0.0
13.40 0.0
13.50 0.0
13.60 0.0
13.70 0.0
13.80 0.0
13.90 0.0
14.00 0.0
14.10 0.0
14.20 0.0
14.30 0.0
14.40 0.0
14.50 0.0
14.60 0.0
14.70 0.0
14.80 0.0
14.90 0.0
15.00 0.0
